function [ci,a_s,b,b_tilde] = ESDIRK437L_Coefficients()
%% Coefficients
alpha = 1/8;

a_s = zeros(7,7);

a_s(2,1) = alpha;
a_s(2,2) = alpha;

a_s(3,1) = -39188347878/1513744654945;
a_s(3,2) = a_s(3,1);
a_s(3,3) = alpha;

a_s(4,1) = 1748874742213/5168247530883;
a_s(4,2) = a_s(4,1);
a_s(4,3) = -1748874742213/5795261096931;
a_s(4,4) = alpha;

a_s(5,1) = -6429340993097/17896796106705;
a_s(5,2) = a_s(5,1);
a_s(5,3) = 9711656375562/10370074603625;
a_s(5,4) = 1137589605079/3216875020685;
a_s(5,5) = alpha;

a_s(6,1) = 405169606099/1734380148729;
a_s(6,2) = a_s(6,1);
a_s(6,3) = -264468840649/6105657584947;
a_s(6,4) = 118647369377/6233854714037;
a_s(6,5) = 683008737625/4934655825458;
a_s(6,6) = alpha;

a_s(7,1) = -5649241495537/14093099002237;
a_s(7,2) = a_s(7,1);
a_s(7,3) = 5718691255176/6089204655961;
a_s(7,4) = 2199600963556/4241893152925;
a_s(7,5) = 8860614275765/11425531467341;
a_s(7,6) = -3696041814078/6641566663007;
a_s(7,7) = alpha;

b = zeros(7,1);
b(1) = -5649241495537/14093099002237;
b(2) = b(1);
b(3) = 5718691255176/6089204655961;
b(4) = 2199600963556/4241893152925;
b(5) = 8860614275765/11425531467341;
b(6) = -3696041814078/6641566663007;
b(7) = alpha;

b_tilde = zeros(7,1);
b_tilde(1) = -1517409284625/6267517876163;
b_tilde(2) = b_tilde(1);
b_tilde(3) = 8291371032348/12587291883523;
b_tilde(4) = 5328310281212/10646448185159;
b_tilde(5) = 5405006853541/7104492075037;
b_tilde(6) = -4254786582061/7445269677723;
b_tilde(7) = 19/140;

ci = zeros(7,1);
ci(2) = 2*alpha;
ci(3) = 1200237871921/16391473681546;
ci(4) = 1/2;
ci(5) = 395/567;
ci(6) = 89/126;
ci(7) = 1;

end