function [ci,a_s,b,b_tilde] = ESDIRK325_Coefficients()
%% Coefficients
alpha = 9/40;

a_s = zeros(5,5);

a_s(2,1) = alpha;
a_s(2,2) = alpha;

a_s(3,1) = 9*(1+sqrt(2))/80;
a_s(3,2) = a_s(3,1);
a_s(3,3) = alpha;

a_s(4,1) = (22 +15*sqrt(2))/(80*(1+sqrt(2)));
a_s(4,2) = a_s(4,1);
a_s(4,3) = -7/(40*(1+sqrt(2)));
a_s(4,4) = alpha;

a_s(5,1) = (2398 +1205*sqrt(2))/(2835*(4+3*sqrt(2)));
a_s(5,2) = a_s(5,1);
a_s(5,3) = -(2374*(1+2*sqrt(2)))/(2835*(5 +3*sqrt(2)));
a_s(5,4) = 5827/7560;
a_s(5,5) = alpha;

b = zeros(5,1);
b(1) = (2398 +1205*sqrt(2))/(2835*(4+3*sqrt(2)));
b(2) = b(1);
b(3) = -(2374*(1+2*sqrt(2)))/(2835*(5 +3*sqrt(2)));
b(4) = 5827/7560;
b(5) = alpha;

b_tilde = zeros(5,1);
b_tilde(1) = 4555948517383/24713416420891;
b_tilde(2) = b_tilde(1);
b_tilde(3) = -7107561914881/25547637784726;
b_tilde(4) = 30698249/44052120;
b_tilde(5) = 49563/233080;

ci = zeros(5,1);
ci(2) = 2*alpha;
ci(3) = 9*(2+sqrt(2))/40;
ci(4) = 3/5;
ci(5) = 1;

end