function [ci,a_s,b,b_tilde] = ESDIRK548L_Coefficients()
%% Coefficients
alpha = 1/7;

a_s = zeros(8,8);

a_s(2,1) = alpha;
a_s(2,2) = alpha;

a_s(3,1) = 1521428834970/8822750406821;
a_s(3,2) = a_s(3,1);
a_s(3,3) = alpha;

a_s(4,1) = 5338711108027/29869763600956;
a_s(4,2) = a_s(4,1);
a_s(4,3) = 1483184435021/6216373359362;
a_s(4,4) = alpha;

a_s(5,1) = 2264935805846/12599242299355;
a_s(5,2) = a_s(5,1);
a_s(5,3) = 1330937762090/13140498839569;
a_s(5,4) = -287786842865/17211061626069;
a_s(5,5) = alpha;

a_s(6,1) = 118352937080/527276862197;
a_s(6,2) = a_s(6,1);
a_s(6,3) = -2960446233093/7419588050389;
a_s(6,4) = -3064256220847/46575910191280;
a_s(6,5) = 6010467311487/7886573591137;
a_s(6,6) = alpha;

a_s(7,1) = 1134270183919/9703695183946;
a_s(7,2) = a_s(7,1);
a_s(7,3) = 4862384331311/10104465681802;
a_s(7,4) = 1127469817207/2459314315538;
a_s(7,5) = -9518066423555/11243131997224;
a_s(7,6) = -811155580665/7490894181109;
a_s(7,7) = alpha;

a_s(8,1) = 2162042939093/22873479087181;
a_s(8,2) = a_s(8,1);
a_s(8,3) = -4222515349147/9397994281350;
a_s(8,4) = 3431955516634/4748630552535;
a_s(8,5) = -374165068070/9085231819471;
a_s(8,6) = -1847934966618/8254951855109;
a_s(8,7) = 5186241678079/7861334770480;
a_s(8,8) = alpha;

b = zeros(8,1);
b(1) = a_s(8,1);
b(2) = b(1);
b(3) = a_s(8,3);
b(4) = a_s(8,4);
b(5) = a_s(8,5);
b(6) = a_s(8,6);
b(7) = a_s(8,7);
b(8) = alpha;

b_tilde = zeros(8,1);
b_tilde(1) = 701879993119/7084679725724;
b_tilde(2) = b_tilde(1);
b_tilde(3) = -8461269287478/14654112271769;
b_tilde(4) = 6612459227430/11388259134383;
b_tilde(5) = 2632441606103/12598871370240;
b_tilde(6) = -2147694411931/10286892713802;
b_tilde(7) = 4103061625716/6371697724583;
b_tilde(8) = 0.154506437768240;

ci = zeros(8,1);
ci(2) = 2*alpha;
ci(3) = 5779892736881/11850239716711;
ci(4) = 150/203;
ci(5) = 27/46;
ci(6) = 473/532;
ci(7) = 30/83;
ci(8) = 1.0;

end