function [ci,a_s,b,b_tilde] = ESDIRK547L_Coefficients()
%% Coefficients
alpha = 23/125;

a_s = zeros(7,7);

a_s(2,1) = alpha;
a_s(2,2) = alpha;

a_s(3,1) = 791020047304/3561426431547;
a_s(3,2) = a_s(3,1);
a_s(3,3) = alpha;

a_s(4,1) = -158159076358/11257294102345;
a_s(4,2) = a_s(4,1);
a_s(4,3) = -85517644447/5003708988389;
a_s(4,4) = alpha;

a_s(5,1) = -1653327111580/4048416487981;
a_s(5,2) = a_s(5,1);
a_s(5,3) = 1514767744496/9099671765375;
a_s(5,4) = 14283835447591/12247432691556;
a_s(5,5) = alpha;

a_s(6,1) = -4540011970825/8418487046959;
a_s(6,2) = a_s(6,1);
a_s(6,3) = -1790937573418/7393406387169;
a_s(6,4) = 10819093665085/7266595846747;
a_s(6,5) = 4109463131231/7386972500302;
a_s(6,6) = alpha;

a_s(7,1) = -188593204321/4778616380481;
a_s(7,2) = a_s(7,1);
a_s(7,3) = 2809310203510/10304234040467;
a_s(7,4) = 1021729336898/2364210264653;
a_s(7,5) = 870612361811/2470410392208;
a_s(7,6) = -1307970675534/8059683598661;
a_s(7,7) = alpha;

b = zeros(7,1);
b(1) = -188593204321/4778616380481;
b(2) = b(1);
b(3) = 2809310203510/10304234040467;
b(4) = 1021729336898/2364210264653;
b(5) = 870612361811/2470410392208;
b(6) = -1307970675534/8059683598661;
b(7) = alpha;

b_tilde = zeros(7,1);
b_tilde(1) = -582099335757/7214068459310;
b_tilde(2) = b_tilde(1);
b_tilde(3) = 615023338567/3362626566945;
b_tilde(4) = 3192122436311/6174152374399;
b_tilde(5) = 6156034052041/14430468657929;
b_tilde(6) = -1011318518279/9693750372484;
b_tilde(7) = 1914490192573/13754262428401;

ci = zeros(7,1);
ci(2) = 2*alpha;
ci(3) = 7121331996143/11335814405378;
ci(4) = 49/353;
ci(5) = 3706679970760/5295570149437;
ci(6) = 347/382;
ci(7) = 1;

end