function [ci,a_s,b,b_tilde] = ESDIRK436L_Coefficients()
%% Coefficients
alpha = 31/125;

a_s = zeros(6,6);

a_s(2,1) = alpha;
a_s(2,2) = alpha;

a_s(3,1) = -360286518617/7014585480527;
a_s(3,2) = a_s(3,1);
a_s(3,3) = alpha;

a_s(4,1) = -506388693497/5937754990171;
a_s(4,2) = a_s(4,1);
a_s(4,3) = 7149918333491/13390931526268;
a_s(4,4) = alpha;

a_s(5,1) = -7628305438933/11061539393788;
a_s(5,2) = a_s(5,1);
a_s(5,3) = 21592626537567/14352247503901;
a_s(5,4) = 11630056083252/17263101053231;
a_s(5,5) = alpha;

a_s(6,1) = -12917657251/5222094901039;
a_s(6,2) = a_s(6,1);
a_s(6,3) = 5602338284630/15643096342197;
a_s(6,4) = 9002339615474/18125249312447;
a_s(6,5) = -2420307481369/24731958684496;
a_s(6,6) = alpha;

b = zeros(6,1);
b(1) = -12917657251/5222094901039;
b(2) = b(1);
b(3) =  5602338284630/15643096342197;
b(4) = 9002339615474/18125249312447;
b(5) = -2420307481369/24731958684496;
b(6) = alpha;

b_tilde = zeros(6,1);
b_tilde(1) = -1007911106287/12117826057527;
b_tilde(2) = b_tilde(1);
b_tilde(3) = 17694008993113/35931961998873;
b_tilde(4) = 5816803040497/11256217655929;
b_tilde(5) = -538664890905/7490061179786;
b_tilde(6) = 2032560730450/8872919773257;


ci = zeros(6,1);
ci(2) = 2*alpha;
ci(3) = 486119545908/3346201505189;
ci(4) = 1043/1706;
ci(5) = 1361/1300;
ci(6) = 1.0;


end