function [ci,a_s,b,b_tilde] = RK45Fehlberg_Coefficients()
%% Coefficients

a_s = zeros(6,6);

a_s(2,1) = 1/4;

a_s(3,1) = 3/32;
a_s(3,2) = 9/32;

a_s(4,1) = 1932/2197;
a_s(4,2) = -7200/2197;
a_s(4,3) = 7296/2197;


a_s(5,1) = 439/216;
a_s(5,2) = -8;
a_s(5,3) = 3680/513;
a_s(5,4) = -845/4104;

a_s(6,1) = -8/27;
a_s(6,2) = 2;
a_s(6,3) = -3544/2565;
a_s(6,4) = 1859/4104;
a_s(6,5) = -11/40;

b = zeros(6,1);
b(1) = 16/135;
b(2) = 0;
b(3) = 6656/12825;
b(4) = 28561/56430;
b(5) = -9/50;
b(6) = 2/55;


b_tilde = zeros(5,1);
b_tilde(1) = 25/216;
b_tilde(2) = 0;
b_tilde(3) = 1408/2565;
b_tilde(4) = 2197/4104;
b_tilde(5) = -1/5;
b_tilde(6) = 0;

ci = zeros(6,1);
ci(2) = 1/4;
ci(3) = 3/8;
ci(4) = 12/13;
ci(5) = 1;
ci(6) = 1/2;

end